86,43	1
5,36	2
16,58	8
66,47	6
20,37	8
89,27	9
56,68	7
21,42	8
96,22	9
72,80	4
99,10	9
20,74	3
59,19	6
70,23	9
81,86	4
53,14	6
72,60	1
2,80	3
10,77	3
81,76	4
44,86	7
3,58	2
7,32	2
89,6	9
61,50	6
31,74	7
96,47	1
100,60	1
96,66	1
0,82	3
17,1	5
2,43	2
8,80	3
15,62	3
81,28	9
45,78	7
48,42	6
61,82	7
24,33	8
23,39	8
37,20	6
99,54	1
5,76	3
45,74	7
87,75	1
61,36	6
46,94	7
58,74	7
73,93	4
37,53	8
41,25	6
88,98	4
79,43	1
19,44	8
60,68	7
93,46	1
76,94	4
20,47	8
17,70	3
55,22	6
12,43	2
100,87	4
5,42	2
54,67	7
13,93	3
61,37	6
99,52	1
6,18	5
23,15	5
93,47	1
70,12	9
49,40	6
42,82	7
85,74	1
93,3	9
2,44	2
39,29	6
29,60	8
13,68	3
62,69	7
37,17	6
83,33	9
7,86	3
80,99	4
7,83	3
74,35	9
75,7	9
41,57	8
20,97	3
57,93	4
23,95	3
57,74	7
37,78	7
55,98	4
34,30	6
23,38	8
38,31	6
43,54	8
39,54	8
6,73	3
